settings:
	Cpar Precision = 10
	Cser Precision = 10
	Acq. Frequency Start = 1.000 MHz
	Acq. Frequency Stop = 3.000 MHz
	Acq. Frequency Spacing = 0.010 MHz
	Acq. Frequency Sampling = 25.0 MHz
	S11 Optimization Frequency Start = 1.50 MHz
	S11 Optimization Frequency Stop = 2.50 MHz
	Cpar = 100 (53.0 pF)
	Cser = 100 (53.0 pF)

freq(MHz)	 S11(dB)	 Cpar(digit)	 Cser(digit)
   1.00,  -0.21,    395,    158
   1.01,  -0.22,    400,    160
   1.02,  -0.20,    405,    162
   1.03,  -0.20,    390,    156
   1.04,  -0.19,    390,    156
   1.05,  -0.19,    405,    162
   1.06,  -0.18,    400,    160
   1.07,  -0.17,    405,    162
   1.08,  -0.17,    405,    162
   1.09,  -0.17,    400,    170
   1.10,  -0.16,    400,    160
   1.11,  -0.16,    400,    160
   1.12,  -0.15,    405,    162
   1.13,  -0.15,    395,    158
   1.14,  -0.15,    395,    158
   1.15,  -0.14,    400,    160
   1.16,  -0.14,    400,    160
   1.17,  -0.13,    405,    162
   1.18,  -0.13,    395,    158
   1.19,  -0.12,    405,    162
   1.20,  -0.12,    405,    162
   1.21,  -0.11,    395,    158
   1.22,  -0.10,    395,    158
   1.23,  -0.10,    410,    164
   1.24,  -0.10,    400,    160
   1.25,  -0.11,    400,    170
   1.26,  -0.08,    400,    160
   1.27,  -0.08,    400,    160
   1.28,  -0.06,    400,    160
   1.29,  -0.06,    405,    162
   1.30,  -0.05,    395,    158
   1.31,  -0.05,    410,    164
   1.32,  -0.04,    390,    156
   1.33,  -0.04,    395,    158
   1.34,  -0.03,    395,    158
   1.35,  -0.03,    400,    160
   1.36,  -0.02,    390,    156
   1.37,  -0.01,    390,    156
   1.38,  -0.02,    390,    156
   1.39,  -0.01,    400,    160
   1.40,  -0.00,    405,    162
   1.41,   0.00,    390,    156
   1.42,   0.01,    400,    170
   1.43,   0.00,    385,    154
   1.44,   0.00,    405,    162
   1.45,   0.01,    390,    156
   1.46,   0.01,    395,    158
   1.47,   0.01,    385,    154
   1.48,   0.01,    390,    156
   1.49,   0.02,    400,    160
   1.50,   0.03,    390,    166
   1.51,   0.02,    390,    166
   1.52,   0.03,    390,    166
   1.53,   0.02,    405,    162
   1.54,   0.03,    385,    154
   1.55,   0.01,    395,    158
   1.56,   0.04,    395,    158
   1.57,   0.02,    395,    158
   1.58,   0.03,    390,    166
   1.59,   0.03,    385,    154
   1.60,  -1.67,   1276,    635
   1.61,  -3.00,   1276,    635
   1.62,  -5.46,   1276,    635
   1.63, -10.08,   1276,    635
   1.64, -15.21,   1276,    635
   1.65, -17.81,   1276,    615
   1.66, -22.05,   1271,    503
   1.67, -30.07,   1271,    575
   1.68, -43.98,   1276,    466
   1.69, -41.83,   1266,    558
   1.70, -43.53,   1241,    458
   1.71, -44.40,   1286,    451
   1.72, -40.19,   1211,    456
   1.73, -49.07,   1201,    547
   1.74, -30.39,   1181,    445
   1.75, -41.38,   1171,    538
   1.76, -38.44,   1146,    533
   1.77, -40.20,   1136,    531
   1.78, -43.05,   1121,    527
   1.79, -39.94,   1021,    436
   1.80, -41.37,   1086,    525
   1.81, -43.06,   1071,    436
   1.82, -40.86,   1066,    430
   1.83, -40.12,   1061,    516
   1.84, -45.52,    965,    407
   1.85, -41.02,   1031,    411
   1.86, -43.71,    945,    406
   1.87, -46.52,    935,    402
   1.88, -42.52,    920,    399
   1.89, -43.33,    895,    400
   1.90, -41.39,    890,    393
   1.91, -38.09,    880,    391
   1.92, -41.15,    870,    389
   1.93, -58.30,    845,    381
   1.94, -45.15,    835,    379
   1.95, -50.09,    825,    375
   1.96, -41.81,    755,    381
   1.97, -42.98,    750,    380
   1.98, -43.62,    730,    379
   1.99, -42.35,    715,    381
   2.00, -45.32,    720,    378
   2.01, -41.18,    780,    364
   2.02, -41.32,    700,    376
   2.03, -43.30,    685,    371
   2.04, -38.92,    690,    368
   2.05, -38.37,    680,    363
   2.06, -41.69,    665,    364
   2.07, -43.02,    635,    363
   2.08, -32.23,    635,    355
   2.09, -39.06,    645,    360
   2.10, -36.41,    645,    352
   2.11, -48.77,    605,    343
   2.12, -39.46,    605,    344
   2.13, -47.00,    600,    339
   2.14, -29.07,    610,    336
   2.15, -31.56,    595,    329
   2.16, -33.77,    590,    325
   2.17, -29.12,    575,    325
   2.18, -36.10,    575,    322
   2.19, -30.93,    570,    319
   2.20, -35.65,    570,    320
   2.21, -32.56,    560,    319
   2.22, -31.31,    560,    311
   2.23, -34.28,    550,    311
   2.24, -38.24,    545,    316
   2.25, -36.93,    530,    311
   2.26, -45.51,    485,    251
   2.27, -44.26,    475,    250
   2.28, -41.36,    515,    312
   2.29, -34.58,    470,    308
   2.30, -45.69,    465,    305
   2.31, -35.97,    460,    244
   2.32, -39.25,    445,    243
   2.33, -40.47,    450,    241
   2.34, -30.83,    450,    234
   2.35, -39.62,    440,    295
   2.36, -30.99,    440,    291
   2.37, -36.77,    415,    236
   2.38, -29.57,    425,    286
   2.39, -41.36,    420,    294
   2.40, -34.09,    410,    232
   2.41, -37.96,    380,    235
   2.42, -35.89,    395,    227
   2.43, -34.27,    400,    228
   2.44, -36.15,    390,    228
   2.45, -30.35,    385,    279
   2.46, -34.02,    385,    275
   2.47, -31.76,    385,    274
   2.48, -28.21,    385,    272
   2.49, -20.54,    385,    262
   2.50, -18.97,    385,    260
   2.51, -12.10,    390,    186
   2.52, -10.55,    385,    184
   2.53, -11.85,    385,    184
   2.54,  -9.93,    385,    174
   2.55,  -8.22,    390,    166
   2.56,  -8.74,    385,    164
   2.57,  -8.48,    385,    164
   2.58,  -7.52,    385,    154
   2.59,  -5.14,    385,    154
   2.60,  -3.31,    385,    154
   2.61,  -2.15,    385,    154
   2.62,  -1.47,    385,    154
   2.63,  -1.06,    385,    154
   2.64,  -0.82,    385,    154
   2.65,  -0.67,    385,    154
   2.66,  -0.57,    385,    154
   2.67,  -0.51,    385,    154
   2.68,  -0.48,    385,    154
   2.69,  -0.45,    385,    154
   2.70,  -0.43,    595,    398
   2.71,  -0.43,    595,    398
   2.72,  -0.42,    595,    388
   2.73,  -0.42,    595,    388
   2.74,  -0.43,    590,    416
   2.75,  -0.41,    595,    418
   2.76,  -0.42,    595,    418
   2.77,  -0.41,    595,    408
   2.78,  -0.41,    590,    416
   2.79,  -0.41,    595,    408
   2.80,  -0.41,    595,    418
   2.81,  -0.41,    595,    418
   2.82,  -0.40,    595,    388
   2.83,  -0.40,    585,    384
   2.84,  -0.39,    590,    416
   2.85,  -0.39,    590,    386
   2.86,  -0.39,    595,    408
   2.87,  -0.38,    495,    322
   2.88,  -0.38,    495,    320
   2.89,  -0.38,    490,    346
   2.90,  -0.37,    495,    305
   2.91,  -0.36,    495,    328
   2.92,  -0.37,    495,    325
   2.93,  -0.38,    500,    310
   2.94,  -0.39,    400,    207
   2.95,  -0.38,    490,    324
   2.96,  -0.38,    495,    313
   2.97,  -0.39,    495,    348
   2.98,  -0.38,    495,    324
   2.99,  -0.37,    505,    322
   3.00,  -0.38,    495,    298
