   1.00,  -0.16,    210,    101
   1.01,  -0.14,    225,    117
   1.02,  -0.15,    205,    109
   1.03,  -0.16,    205,     99
   1.04,  -0.17,    210,     91
   1.05,  -0.14,    210,     91
   1.06,  -0.14,    210,    101
   1.07,  -0.14,    220,     95
   1.08,  -0.14,    205,     89
   1.09,  -0.14,    205,     99
   1.10,  -0.13,    205,     99
   1.11,  -0.12,    210,     91
   1.12,  -0.11,    205,     89
   1.13,  -0.11,    205,     89
   1.14,  -0.11,    205,     99
   1.15,  -0.10,    205,     99
   1.16,  -0.10,    205,     99
   1.17,  -0.10,    205,     89
   1.18,  -0.09,    205,     89
   1.19,  -0.09,    205,     99
   1.20,  -0.08,    205,     89
   1.21,  -0.09,    215,     93
   1.22,  -0.08,    205,     89
   1.23,  -0.07,    210,     91
   1.24,  -0.06,    205,     89
   1.25,  -0.06,    210,    101
   1.26,  -0.07,    205,     89
   1.27,  -0.06,    205,     89
   1.28,  -0.05,    210,    101
   1.29,  -0.05,    205,     89
   1.30,  -0.04,    210,     91
   1.31,  -0.04,    205,     89
   1.32,  -0.04,    210,     91
   1.33,  -0.03,    205,     89
   1.34,  -0.03,    205,     89
   1.35,  -0.03,    210,     91
   1.36,  -0.02,    205,     99
   1.37,  -0.02,    205,     89
   1.38,  -0.01,    205,     89
   1.39,  -0.00,    205,     89
   1.40,   0.00,    210,     91
   1.41,  -0.00,    205,     89
   1.42,   0.00,    205,     89
   1.43,   0.01,    205,     89
   1.44,   0.00,    205,     89
   1.45,   0.01,    215,     93
   1.46,   0.00,    205,     89
   1.47,   0.00,    210,     91
   1.48,   0.01,    205,     89
   1.49,   0.01,    205,     99
   1.50,  -0.82,    765,    502
   1.51,  -3.16,    765,    502
   1.52,  -4.14,    765,    502
   1.53,  -4.74,    765,    482
   1.54,  -5.39,    765,    462
   1.55,  -5.97,    765,    442
   1.56,  -6.82,    765,    522
   1.57,  -7.93,    765,    412
   1.58,  -9.64,    765,    382
   1.59, -10.33,    765,    372
   1.60, -13.38,    765,    362
   1.61, -16.49,    765,    335
   1.62, -19.72,    765,    329
   1.63, -24.45,    765,    318
   1.64, -22.25,    730,    331
   1.65, -29.09,    730,    319
   1.66, -27.15,    735,    306
   1.67, -26.20,    725,    303
   1.68, -29.46,    715,    301
   1.69, -32.47,    715,    296
   1.70, -34.28,    695,    304
   1.71, -35.28,    685,    295
   1.72, -37.00,    675,    295
   1.73, -34.24,    675,    292
   1.74, -40.27,    665,    282
   1.75, -40.01,    630,    287
   1.76, -31.69,    625,    291
   1.77, -41.37,    625,    288
   1.78, -30.01,    620,    280
   1.79, -27.81,    610,    275
   1.80, -29.24,    575,    283
   1.81, -40.16,    590,    267
   1.82, -32.80,    570,    277
   1.83, -29.36,    565,    276
   1.84, -31.09,    555,    276
   1.85, -31.72,    555,    268
   1.86, -32.89,    510,    266
   1.87, -37.94,    545,    266
   1.88, -32.57,    500,    262
   1.89, -32.56,    490,    198
   1.90, -31.61,    485,    260
   1.91, -28.87,    480,    259
   1.92, -34.19,    465,    191
   1.93, -24.27,    465,    192
   1.94, -22.90,    445,    264
   1.95, -29.89,    450,    190
   1.96, -24.75,    430,    195
   1.97, -30.09,    430,    190
   1.98, -27.90,    415,    190
   1.99, -27.93,    415,    186
   2.00, -23.82,    405,    189
   2.01, -27.43,    405,    185
   2.02, -35.07,    380,    190
   2.03, -38.62,    380,    186
   2.04, -31.64,    370,    187
   2.05, -36.76,    365,    186
   2.06, -32.79,    390,    176
   2.07, -32.93,    385,    176
   2.08, -34.43,    350,    173
   2.09, -29.63,    350,    176
   2.10, -32.25,    350,    168
   2.11, -38.10,    335,    167
   2.12, -24.64,    335,    166
   2.13, -29.19,    340,    164
   2.14, -35.97,    330,    166
   2.15, -26.82,    310,    173
   2.16, -32.90,    310,    167
   2.17, -35.22,    320,    157
   2.18, -36.23,    320,    156
   2.19, -45.37,    245,    166
   2.20, -36.69,    235,    159
   2.21, -31.46,    235,    168
   2.22, -38.27,    290,    163
   2.23, -33.79,    290,    161
   2.24, -29.28,    225,    157
   2.25, -37.26,    225,    161
   2.26, -30.84,    220,    147
   2.27, -45.87,    215,    148
   2.28, -25.38,    270,    148
   2.29, -20.98,    210,    152
   2.30, -27.34,    210,    146
   2.31, -30.11,    210,    144
   2.32, -26.20,    200,    148
   2.33, -22.94,    260,    138
   2.34, -22.81,    260,    136
   2.35, -25.31,    200,    136
   2.36, -18.58,    200,    129
   2.37, -12.97,    200,    128
   2.38,  -9.63,    200,    128
   2.39, -10.75,    200,    106
   2.40,  -4.73,    200,    106
   2.41,  -4.66,    200,     86
   2.42,  -7.60,    200,     86
   2.43,  -7.76,    200,     96
   2.44,  -3.33,    200,     96
   2.45,  -1.30,    200,     96
   2.46,  -0.56,    200,     96
   2.47,  -0.37,    625,    421
   2.48,  -0.39,    765,    482
   2.49,  -0.40,    785,    481
   2.50,  -0.42,    735,    509
   2.51,  -0.37,    755,    498
   2.52,  -0.38,    790,    453
   2.53,  -0.37,    740,    511
   2.54,  -0.37,    765,    492
   2.55,  -0.36,    730,    497
   2.56,  -0.35,    750,    506
   2.57,  -0.36,    725,    485
   2.58,  -0.37,    760,    500
   2.59,  -0.35,    765,    492
   2.60,  -0.36,    765,    502
   2.61,  -0.35,    760,    500
   2.62,  -0.37,    710,    498
   2.63,  -0.37,    755,    528
   2.64,  -0.35,    725,    505
   2.65,  -0.38,    765,    532
   2.66,  -0.34,    765,    472
   2.67,  -0.34,    755,    458
   2.68,  -0.36,    740,    481
   2.69,  -0.35,    745,    493
   2.70,  -0.35,    705,    466
   2.71,  -0.36,    735,    489
   2.72,  -0.35,    740,    511
   2.73,  -0.36,    730,    487
   2.74,  -0.35,    755,    498
   2.75,  -0.35,    755,    498
   2.76,  -0.36,    750,    466
   2.77,  -0.35,    725,    495
   2.78,  -0.35,    765,    502
   2.79,  -0.34,    725,    505
   2.80,  -0.35,    695,    482
   2.81,  -0.35,    795,    475
   2.82,  -0.35,    760,    530
   2.83,  -0.36,    730,    467
   2.84,  -0.37,    765,    542
   2.85,  -0.36,    740,    501
   2.86,  -0.35,    760,    480
   2.87,  -0.36,    705,    456
   2.88,  -0.34,    695,    492
   2.89,  -0.34,    760,    510
   2.90,  -0.33,    755,    508
   2.91,  -0.34,    745,    483
   2.92,  -0.33,    725,    495
   2.93,  -0.33,    725,    495
   2.94,  -0.32,    725,    485
   2.95,  -0.33,    725,    505
   2.96,  -0.32,    755,    528
   2.97,  -0.34,    705,    496
   2.98,  -0.32,    750,    526
   2.99,  -0.33,    705,    486
   3.00,  -0.34,    745,    483
