settings:
	Cpar Precision = 10
	Cser Precision = 10
	Acq. Frequency Start = 1.000 MHz
	Acq. Frequency Stop = 3.000 MHz
	Acq. Frequency Spacing = 0.010 MHz
	Acq. Frequency Sampling = 25.0 MHz
	S11 Optimization Frequency Start = 1.50 MHz
	S11 Optimization Frequency Stop = 2.50 MHz
	Cpar = 100 (53.0 pF)
	Cser = 100 (53.0 pF)

freq(MHz)	 S11(dB)	 Cpar(digit)	 Cser(digit)
   1.00,  -0.30,    785,    261
   1.01,  -0.29,    780,    260
   1.02,  -0.28,    800,    266
   1.03,  -0.28,    770,    256
   1.04,  -0.27,    795,    265
   1.05,  -0.26,    770,    256
   1.06,  -0.25,    800,    266
   1.07,  -0.25,    770,    256
   1.08,  -0.24,    770,    256
   1.09,  -0.23,    805,    268
   1.10,  -0.22,    785,    261
   1.11,  -0.22,    840,    280
   1.12,  -0.21,    775,    258
   1.13,  -0.20,    770,    256
   1.14,  -0.20,    800,    266
   1.15,  -0.19,    785,    261
   1.16,  -0.18,    785,    261
   1.17,  -0.17,    770,    256
   1.18,  -0.17,    770,    266
   1.19,  -0.18,    800,    266
   1.20,  -0.16,    775,    258
   1.21,  -0.14,    750,    260
   1.22,  -0.15,    785,    261
   1.23,  -0.14,    780,    260
   1.24,  -0.13,    770,    256
   1.25,  -0.16,    740,    256
   1.26,  -0.12,    780,    260
   1.27,  -0.11,    770,    256
   1.28,  -0.10,    765,    265
   1.29,  -0.09,    790,    263
   1.30,  -0.08,    775,    258
   1.31,  -0.08,    775,    258
   1.32,  -0.07,    775,    258
   1.33,  -0.06,    795,    265
   1.34,  -0.05,    775,    258
   1.35,  -0.04,    775,    258
   1.36,  -0.04,    780,    260
   1.37,  -0.01,    735,    265
   1.38,  -0.02,    780,    260
   1.39,  -0.01,    745,    258
   1.40,  -0.01,    740,    256
   1.41,  -0.00,    740,    256
   1.42,  -0.00,    775,    258
   1.43,   0.01,    775,    258
   1.44,   0.00,    775,    258
   1.45,   0.02,    770,    256
   1.46,   0.01,    800,    266
   1.47,   0.02,    710,    256
   1.48,   0.02,    770,    256
   1.49,   0.02,    770,    256
   1.50,   0.03,    780,    260
   1.51,   0.03,    745,    258
   1.52,   0.04,    780,    270
   1.53,   0.04,    750,    270
   1.54,   0.04,    620,    256
   1.55,   0.04,    725,    261
   1.56,   0.05,    675,    265
   1.57,   0.04,    605,    261
   1.58,   0.04,    605,    261
   1.59,   0.05,    615,    265
   1.60,   0.04,    620,    256
   1.61,   0.04,    615,    265
   1.62,   0.04,    610,    263
   1.63,   0.04,    625,    208
   1.64,   0.03,    605,    281
   1.65,   0.02,    605,    201
   1.66,  -0.01,    995,    511
   1.67,  -0.09,    995,    511
   1.68,  -0.32,    995,    511
   1.69,  -0.62,    995,    511
   1.70,  -1.06,    995,    511
   1.71,  -1.74,    995,    511
   1.72,  -2.81,    995,    511
   1.73,  -4.60,    995,    511
   1.74,  -7.33,    995,    511
   1.75, -11.32,    995,    511
   1.76, -12.35,    995,    501
   1.77, -14.04,    995,    491
   1.78, -15.72,    990,    470
   1.79, -18.26,    995,    551
   1.80, -20.34,    990,    540
   1.81, -31.78,    990,    429
   1.82, -48.14,    995,    420
   1.83, -32.11,    975,    407
   1.84, -45.52,    965,    407
   1.85, -38.46,    960,    409
   1.86, -43.71,    945,    406
   1.87, -46.52,    935,    402
   1.88, -42.52,    920,    399
   1.89, -43.33,    895,    400
   1.90, -41.39,    890,    393
   1.91, -38.09,    880,    391
   1.92, -41.15,    870,    389
   1.93, -58.30,    845,    381
   1.94, -45.15,    835,    379
   1.95, -50.09,    825,    375
   1.96, -41.81,    755,    381
   1.97, -42.98,    750,    380
   1.98, -43.62,    730,    379
   1.99, -42.35,    715,    381
   2.00, -45.32,    720,    378
   2.01, -41.18,    780,    364
   2.02, -41.32,    700,    376
   2.03, -43.30,    685,    371
   2.04, -38.92,    690,    368
   2.05, -38.37,    680,    363
   2.06, -41.69,    665,    364
   2.07, -43.02,    635,    363
   2.08, -32.23,    635,    355
   2.09, -39.06,    645,    360
   2.10, -36.41,    645,    352
   2.11, -48.77,    605,    343
   2.12, -39.46,    605,    344
   2.13, -47.00,    600,    339
   2.14, -29.07,    610,    336
   2.15, -31.56,    595,    329
   2.16, -33.77,    590,    325
   2.17, -29.12,    575,    325
   2.18, -36.10,    575,    322
   2.19, -30.93,    570,    319
   2.20, -35.65,    570,    320
   2.21, -32.56,    560,    319
   2.22, -31.31,    560,    311
   2.23, -34.28,    550,    311
   2.24, -38.24,    545,    316
   2.25, -36.93,    530,    311
   2.26, -45.51,    485,    251
   2.27, -44.26,    475,    250
   2.28, -41.36,    515,    312
   2.29, -34.58,    470,    308
   2.30, -45.69,    465,    305
   2.31, -35.97,    460,    244
   2.32, -39.25,    445,    243
   2.33, -40.47,    450,    241
   2.34, -30.83,    450,    234
   2.35, -39.62,    440,    295
   2.36, -30.99,    440,    291
   2.37, -36.77,    415,    236
   2.38, -29.57,    425,    286
   2.39, -41.36,    420,    294
   2.40, -34.09,    410,    232
   2.41, -37.96,    380,    235
   2.42, -35.89,    395,    227
   2.43, -34.27,    400,    228
   2.44, -36.15,    390,    228
   2.45, -30.35,    385,    279
   2.46, -34.02,    385,    275
   2.47, -31.76,    385,    274
   2.48, -28.21,    385,    272
   2.49, -20.54,    385,    262
   2.50, -18.97,    385,    260
   2.51, -12.10,    390,    186
   2.52, -10.55,    385,    184
   2.53, -11.85,    385,    184
   2.54,  -9.93,    385,    174
   2.55,  -8.22,    390,    166
   2.56,  -8.74,    385,    164
   2.57,  -8.48,    385,    164
   2.58,  -7.52,    385,    154
   2.59,  -5.14,    385,    154
   2.60,  -3.31,    385,    154
   2.61,  -2.15,    385,    154
   2.62,  -1.47,    385,    154
   2.63,  -1.06,    385,    154
   2.64,  -0.82,    385,    154
   2.65,  -0.67,    385,    154
   2.66,  -0.57,    385,    154
   2.67,  -0.51,    385,    154
   2.68,  -0.48,    385,    154
   2.69,  -0.45,    385,    154
   2.70,  -0.43,    595,    398
   2.71,  -0.63,    985,    468
   2.72,  -0.64,    965,    491
   2.73,  -0.64,    980,    496
   2.74,  -0.64,    960,    500
   2.75,  -0.65,    980,    504
   2.76,  -0.64,    980,    506
   2.77,  -0.65,    980,    504
   2.78,  -0.64,    980,    506
   2.79,  -0.66,    990,    490
   2.80,  -0.64,    980,    503
   2.81,  -0.65,    980,    506
   2.82,  -0.64,    965,    481
   2.83,  -0.65,    980,    506
   2.84,  -0.65,    950,    506
   2.85,  -0.65,    980,    496
   2.86,  -0.65,    950,    508
   2.87,  -0.66,    980,    509
   2.88,  -0.65,    980,    510
   2.89,  -0.66,    960,    520
   2.90,  -0.65,    985,    528
   2.91,  -0.66,    980,    510
   2.92,  -0.66,    980,    511
   2.93,  -0.66,    950,    513
   2.94,  -0.66,    980,    496
   2.95,  -0.65,    965,    501
   2.96,  -0.66,    995,    551
   2.97,  -0.65,    980,    525
   2.98,  -0.66,    950,    501
   2.99,  -0.66,    985,    468
   3.00,  -0.67,    995,    424
